0 0.26451 0.287286 0.265081 0.29404 0.261349 0.275726 0.287159 0.291245 0.269734 0.458399 0.247511 0.323219 0.302551 0.290237 0.271328 0.305189 0.275847 0.343448 0.322779 0.288918 0.309587 0.311346 0.311923 0.271768 0.33216 0.294195
0.26451 0 0.251107 0.237145 0.252 0.230257 0.251881 0.259407 0.241364 0.236603 0.437299 0.237358 0.297034 0.278884 0.247012 0.250553 0.251881 0.247564 0.305445 0.285082 0.264719 0.293493 0.298805 0.279451 0.243028 0.291851 0.23683
0.287286 0.251107 0 0.267165 0.28376 0.24978 0.266813 0.261099 0.291557 0.25248 0.45768 0.266395 0.318681 0.306374 0.264615 0.275604 0.27033 0.259894 0.325275 0.309011 0.296264 0.322198 0.302418 0.30299 0.268571 0.330255 0.276923
0.265081 0.237145 0.267165 0 0.263251 0.251323 0.259569 0.270128 0.267606 0.239621 0.421384 0.243549 0.303564 0.281126 0.271887 0.255169 0.291685 0.262324 0.296084 0.298724 0.279366 0.301364 0.290365 0.296655 0.272767 0.300176 0.281126
0.29404 0.252 0.28376 0.263251 0 0.250663 0.259374 0.265108 0.289056 0.264253 0.431746 0.256015 0.315836 0.302603 0.279224 0.269519 0.303485 0.258164 0.319806 0.331275 0.300838 0.319365 0.312748 0.312004 0.275695 0.32083 0.284958
0.261349 0.230257 0.24978 0.251323 0.250663 0 0.225451 0.234698 0.274009 0.245257 0.430599 0.220662 0.291942 0.26332 0.247908 0.2369 0.269485 0.257269 0.307794 0.281814 0.269925 0.280934 0.27697 0.273568 0.245266 0.307489 0.244386
0.275726 0.251881 0.266813 0.259569 0.259374 0.225451 0 0.263181 0.262857 0.250563 0.416275 0.231917 0.307996 0.308436 0.276362 0.231986 0.279438 0.261099 0.317663 0.306678 0.294815 0.311951 0.29833 0.304615 0.251318 0.309451 0.27109
0.287159 0.259407 0.261099 0.270128 0.265108 0.234698 0.263181 0 0.282637 0.26183 0.449139 0.248644 0.308436 0.302724 0.272408 0.267575 0.294815 0.246593 0.329525 0.307118 0.289104 0.328207 0.304042 0.298901 0.256151 0.317802 0.279438
0.291245 0.241364 0.291557 0.267606 0.289056 0.274009 0.262857 0.282637 0 0.275023 0.429467 0.260968 0.307253 0.302418 0.297582 0.276923 0.282198 0.264732 0.305495 0.298022 0.284396 0.316484 0.302857 0.310026 0.277802 0.313544 0.266813
0.269734 0.236603 0.25248 0.239621 0.264253 0.245257 0.250563 0.26183 0.275023 0 0.400344 0.238979 0.290221 0.283461 0.268589 0.256872 0.266787 0.25789 0.309148 0.304642 0.286616 0.3105 0.295178 0.287196 0.252366 0.292155 0.266336
0.458399 0.437299 0.45768 0.421384 0.431746 0.430599 0.416275 0.449139 0.429467 0.400344 0 0.396522 0.492958 0.43975 0.464789 0.441315 0.486698 0.434169 0.464789 0.472613 0.449139 0.474178 0.460094 0.485893 0.444444 0.476489 0.478873
0.247511 0.237358 0.266395 0.243549 0.256015 0.220662 0.231917 0.248644 0.260968 0.238979 0.396522 0 0.274864 0.265371 0.255877 0.256329 0.268083 0.236092 0.294304 0.273056 0.264467 0.278933 0.277577 0.268657 0.253617 0.292175 0.246383
0.323219 0.297034 0.318681 0.303564 0.315836 0.291942 0.307996 0.308436 0.307253 0.290221 0.492958 0.274864 0 0.212214 0.311072 0.307118 0.310633 0.299341 0.210018 0.214851 0.211775 0.232425 0.211775 0.222418 0.317663 0.200879 0.303163
0.302551 0.278884 0.306374 0.281126 0.302603 0.26332 0.308436 0.302724 0.302418 0.283461 0.43975 0.265371 0.212214 0 0.284271 0.293497 0.319859 0.290989 0.205185 0.20826 0.205185 0.218805 0.212214 0.22022 0.286467 0.236484 0.291301
0.290237 0.247012 0.264615 0.271887 0.279224 0.247908 0.276362 0.272408 0.297582 0.268589 0.464789 0.255877 0.311072 0.284271 0 0.261424 0.301845 0.272967 0.311951 0.315026 0.29174 0.304482 0.296134 0.305495 0.255272 0.33011 0.294376
0.271328 0.250553 0.275604 0.255169 0.269519 0.2369 0.231986 0.267575 0.276923 0.256872 0.441315 0.256329 0.307118 0.293497 0.261424 0 0.292619 0.265495 0.323814 0.304921 0.285149 0.296134 0.307996 0.306374 0.255712 0.303297 0.278998
0.305189 0.251881 0.27033 0.291685 0.303485 0.269485 0.279438 0.294815 0.282198 0.266787 0.486698 0.268083 0.310633 0.319859 0.301845 0.292619 0 0.26989 0.322935 0.300527 0.288664 0.325132 0.324692 0.306813 0.290861 0.318242 0.236819
0.275847 0.247564 0.259894 0.262324 0.258164 0.257269 0.261099 0.246593 0.264732 0.25789 0.434169 0.236092 0.299341 0.290989 0.272967 0.265495 0.26989 0 0.307253 0.298901 0.272967 0.300659 0.30022 0.306508 0.248791 0.312225 0.260659
0.343448 0.305445 0.325275 0.296084 0.319806 0.307794 0.317663 0.329525 0.305495 0.309148 0.464789 0.294304 0.210018 0.205185 0.311951 0.323814 0.322935 0.307253 0 0.20167 0.223199 0.208699 0.200351 0.208791 0.315026 0.227692 0.3058
0.322779 0.285082 0.309011 0.298724 0.331275 0.281814 0.306678 0.307118 0.298022 0.304642 0.472613 0.273056 0.214851 0.20826 0.315026 0.304921 0.300527 0.298901 0.20167 0 0.197276 0.22232 0.212214 0.218901 0.301406 0.224615 0.289543
0.288918 0.264719 0.296264 0.279366 0.300838 0.269925 0.294815 0.289104 0.284396 0.286616 0.449139 0.264467 0.211775 0.205185 0.29174 0.285149 0.288664 0.272967 0.223199 0.197276 0 0.204306 0.218805 0.225495 0.27812 0.224615 0.265378
0.309587 0.293493 0.322198 0.301364 0.319365 0.280934 0.311951 0.328207 0.316484 0.3105 0.474178 0.278933 0.232425 0.218805 0.304482 0.296134 0.325132 0.300659 0.208699 0.22232 0.204306 0 0.214851 0.210549 0.307557 0.237363 0.303603
0.311346 0.298805 0.302418 0.290365 0.312748 0.27697 0.29833 0.304042 0.302857 0.295178 0.460094 0.277577 0.211775 0.212214 0.296134 0.307996 0.324692 0.30022 0.200351 0.212214 0.218805 0.214851 0 0.203956 0.288664 0.245714 0.301406
0.311923 0.279451 0.30299 0.296655 0.312004 0.273568 0.304615 0.298901 0.310026 0.287196 0.485893 0.268657 0.222418 0.22022 0.305495 0.306374 0.306813 0.306508 0.208791 0.218901 0.225495 0.210549 0.203956 0 0.288791 0.242744 0.281319
0.271768 0.243028 0.268571 0.272767 0.275695 0.245266 0.251318 0.256151 0.277802 0.252366 0.444444 0.253617 0.317663 0.286467 0.255272 0.255712 0.290861 0.248791 0.315026 0.301406 0.27812 0.307557 0.288664 0.288791 0 0.309451 0.269332
0.33216 0.291851 0.330255 0.300176 0.32083 0.307489 0.309451 0.317802 0.313544 0.292155 0.476489 0.292175 0.200879 0.236484 0.33011 0.303297 0.318242 0.312225 0.227692 0.224615 0.224615 0.237363 0.245714 0.242744 0.309451 0 0.308132
0.294195 0.23683 0.276923 0.281126 0.284958 0.244386 0.27109 0.279438 0.266813 0.266336 0.478873 0.246383 0.303163 0.291301 0.294376 0.278998 0.236819 0.260659 0.3058 0.289543 0.265378 0.303603 0.301406 0.281319 0.269332 0.308132 0
