0 0.264047 0.28728 0.265716 0.294882 0.260609 0.276015 0.287101 0.291057 0.268135 0.231767 0.243971 0.323331 0.302884 0.290041 0.271148 0.305317 0.276218 0.343745 0.322892 0.289061 0.309711 0.311807 0.31311 0.272128 0.331822 0.294333
0.264047 0 0.249567 0.236216 0.252066 0.228743 0.251179 0.258243 0.241178 0.234883 0.206559 0.233702 0.296603 0.277169 0.246447 0.250097 0.251044 0.246549 0.304207 0.283658 0.262974 0.293426 0.297008 0.277661 0.241445 0.290155 0.236105
0.28728 0.249567 0 0.26827 0.283174 0.249137 0.266706 0.260995 0.291314 0.251121 0.227325 0.261024 0.318856 0.306249 0.26451 0.275494 0.270221 0.259677 0.325142 0.308886 0.296144 0.322067 0.302295 0.302922 0.268464 0.330017 0.276812
0.265716 0.236216 0.26827 0 0.263739 0.251028 0.259506 0.27022 0.267417 0.239763 0.206978 0.242671 0.303443 0.281035 0.272552 0.255856 0.29158 0.26238 0.295906 0.29861 0.279278 0.301246 0.290262 0.296533 0.273498 0.300882 0.281035
0.294882 0.252066 0.283174 0.263739 0 0.250959 0.259133 0.264845 0.288641 0.260683 0.226714 0.253654 0.314865 0.302191 0.278905 0.27005 0.302935 0.257309 0.319326 0.330818 0.299927 0.318752 0.312297 0.311166 0.275322 0.31974 0.284414
0.260609 0.228743 0.249137 0.251028 0.250959 0 0.224961 0.234188 0.273294 0.242531 0.20187 0.217995 0.291306 0.262747 0.247369 0.236385 0.268898 0.256596 0.307123 0.2812 0.269337 0.280322 0.276367 0.272905 0.245138 0.306725 0.243854
0.276015 0.251179 0.266706 0.259506 0.259133 0.224961 0 0.263181 0.262744 0.247764 0.213052 0.229515 0.307996 0.308436 0.276362 0.231986 0.279438 0.260985 0.317663 0.306678 0.294815 0.311951 0.29833 0.304534 0.251318 0.309356 0.27109
0.287101 0.258243 0.260995 0.27022 0.264845 0.234188 0.263181 0 0.282516 0.258951 0.224543 0.24807 0.308436 0.302724 0.272408 0.267575 0.294815 0.246486 0.329525 0.307118 0.289104 0.328207 0.304042 0.298822 0.256151 0.317704 0.279438
0.291057 0.241178 0.291314 0.267417 0.288641 0.273294 0.262744 0.282516 0 0.270749 0.221504 0.259361 0.30712 0.302287 0.297454 0.276804 0.282076 0.264502 0.305363 0.297894 0.284273 0.316347 0.302727 0.309809 0.277683 0.313482 0.266699
0.268135 0.234883 0.251121 0.239763 0.260683 0.242531 0.247764 0.258951 0.270749 0 0.210107 0.232619 0.28582 0.278756 0.26419 0.254862 0.266251 0.255707 0.305186 0.298393 0.281629 0.305963 0.290484 0.283473 0.251009 0.28887 0.263041
0.231767 0.206559 0.227325 0.206978 0.226714 0.20187 0.213052 0.224543 0.221504 0.210107 0 0.197434 0.235156 0.21873 0.230728 0.219136 0.237758 0.208963 0.235933 0.231066 0.216939 0.232993 0.229613 0.229497 0.222347 0.23949 0.227078
0.243971 0.233702 0.261024 0.242671 0.253654 0.217995 0.229515 0.24807 0.259361 0.232619 0.197434 0 0.273452 0.262569 0.254694 0.251956 0.265644 0.234923 0.289032 0.268754 0.25973 0.276561 0.273688 0.265697 0.250097 0.288364 0.243744
0.323331 0.296603 0.318856 0.303443 0.314865 0.291306 0.307996 0.308436 0.30712 0.28582 0.235156 0.273452 0 0.212214 0.311072 0.307118 0.310633 0.29921 0.210018 0.214851 0.211775 0.232425 0.211775 0.222373 0.317663 0.202049 0.303163
0.302884 0.277169 0.306249 0.281035 0.302191 0.262747 0.308436 0.302724 0.302287 0.278756 0.21873 0.262569 0.212214 0 0.284271 0.293497 0.319859 0.290862 0.205185 0.20826 0.205185 0.218805 0.212214 0.220176 0.286467 0.236421 0.291301
0.290041 0.246447 0.26451 0.272552 0.278905 0.247369 0.276362 0.272408 0.297454 0.26419 0.230728 0.254694 0.311072 0.284271 0 0.261424 0.301845 0.272848 0.311951 0.315026 0.29174 0.304482 0.296134 0.305548 0.255272 0.330006 0.294376
0.271148 0.250097 0.275494 0.255856 0.27005 0.236385 0.231986 0.267575 0.276804 0.254862 0.219136 0.251956 0.307118 0.293497 0.261424 0 0.292619 0.265379 0.323814 0.304921 0.285149 0.296134 0.307996 0.306292 0.255712 0.303205 0.278998
0.305317 0.251044 0.270221 0.29158 0.302935 0.268898 0.279438 0.294815 0.282076 0.266251 0.237758 0.265644 0.310633 0.319859 0.301845 0.292619 0 0.269772 0.322935 0.300527 0.288664 0.325132 0.324692 0.306866 0.290861 0.318144 0.236819
0.276218 0.246549 0.259677 0.26238 0.257309 0.256596 0.260985 0.246486 0.264502 0.255707 0.208963 0.234923 0.29921 0.290862 0.272848 0.265379 0.269772 0 0.307118 0.29877 0.272848 0.300528 0.300089 0.306292 0.248683 0.311993 0.260545
0.343745 0.304207 0.325142 0.295906 0.319326 0.307123 0.317663 0.329525 0.305363 0.305186 0.235933 0.289032 0.210018 0.205185 0.311951 0.323814 0.322935 0.307118 0 0.20167 0.223199 0.208699 0.200351 0.208887 0.315026 0.227803 0.3058
0.322892 0.283658 0.308886 0.29861 0.330818 0.2812 0.306678 0.307118 0.297894 0.298393 0.231066 0.268754 0.214851 0.20826 0.315026 0.304921 0.300527 0.29877 0.20167 0 0.197276 0.22232 0.212214 0.218993 0.301406 0.224727 0.289543
0.289061 0.262974 0.296144 0.279278 0.299927 0.269337 0.294815 0.289104 0.284273 0.281629 0.216939 0.25973 0.211775 0.205185 0.29174 0.285149 0.288664 0.272848 0.223199 0.197276 0 0.204306 0.218805 0.225583 0.27812 0.224558 0.265378
0.309711 0.293426 0.322067 0.301246 0.318752 0.280322 0.311951 0.328207 0.316347 0.305963 0.232993 0.276561 0.232425 0.218805 0.304482 0.296134 0.325132 0.300528 0.208699 0.22232 0.204306 0 0.214851 0.21051 0.307557 0.2373 0.303603
0.311807 0.297008 0.302295 0.290262 0.312297 0.276367 0.29833 0.304042 0.302727 0.290484 0.229613 0.273688 0.211775 0.212214 0.296134 0.307996 0.324692 0.300089 0.200351 0.212214 0.218805 0.214851 0 0.203919 0.288664 0.245648 0.301406
0.31311 0.277661 0.302922 0.296533 0.311166 0.272905 0.304534 0.298822 0.309809 0.283473 0.229497 0.265697 0.222373 0.220176 0.305548 0.306292 0.306866 0.306292 0.208887 0.218993 0.225583 0.21051 0.203919 0 0.288717 0.242794 0.281248
0.272128 0.241445 0.268464 0.273498 0.275322 0.245138 0.251318 0.256151 0.277683 0.251009 0.222347 0.250097 0.317663 0.286467 0.255272 0.255712 0.290861 0.248683 0.315026 0.301406 0.27812 0.307557 0.288664 0.288717 0 0.309356 0.269332
0.331822 0.290155 0.330017 0.300882 0.31974 0.306725 0.309356 0.317704 0.313482 0.28887 0.23949 0.288364 0.202049 0.236421 0.330006 0.303205 0.318144 0.311993 0.227803 0.224727 0.224558 0.2373 0.245648 0.242794 0.309356 0 0.308038
0.294333 0.236105 0.276812 0.281035 0.284414 0.243854 0.27109 0.279438 0.266699 0.263041 0.227078 0.243744 0.303163 0.291301 0.294376 0.278998 0.236819 0.260545 0.3058 0.289543 0.265378 0.303603 0.301406 0.281248 0.269332 0.308038 0
